hue	sat	light	r	g	b
0	     0	     0	0	0	0
15	     0	     0	0	0	0
30	     0	     0	0	0	0
45	     0	     0	0	0	0
60	     0	     0	0	0	0
75	     0	     0	0	0	0
90	     0	     0	0	0	0
105	     0	     0	0	0	0
120	     0	     0	0	0	0
135	     0	     0	0	0	0
150	     0	     0	0	0	0
165	     0	     0	0	0	0
180	     0	     0	0	0	0
195	     0	     0	0	0	0
210	     0	     0	0	0	0
225	     0	     0	0	0	0
240	     0	     0	0	0	0
255	     0	     0	0	0	0
270	     0	     0	0	0	0
285	     0	     0	0	0	0
300	     0	     0	0	0	0
315	     0	     0	0	0	0
330	     0	     0	0	0	0
345	     0	     0	0	0	0
0	     0	 0.125	32	32	32
15	     0	 0.125	32	32	32
30	     0	 0.125	32	32	32
45	     0	 0.125	32	32	32
60	     0	 0.125	32	32	32
75	     0	 0.125	32	32	32
90	     0	 0.125	32	32	32
105	     0	 0.125	32	32	32
120	     0	 0.125	32	32	32
135	     0	 0.125	32	32	32
150	     0	 0.125	32	32	32
165	     0	 0.125	32	32	32
180	     0	 0.125	32	32	32
195	     0	 0.125	32	32	32
210	     0	 0.125	32	32	32
225	     0	 0.125	32	32	32
240	     0	 0.125	32	32	32
255	     0	 0.125	32	32	32
270	     0	 0.125	32	32	32
285	     0	 0.125	32	32	32
300	     0	 0.125	32	32	32
315	     0	 0.125	32	32	32
330	     0	 0.125	32	32	32
345	     0	 0.125	32	32	32
0	     0	  0.25	64	64	64
15	     0	  0.25	64	64	64
30	     0	  0.25	64	64	64
45	     0	  0.25	64	64	64
60	     0	  0.25	64	64	64
75	     0	  0.25	64	64	64
90	     0	  0.25	64	64	64
105	     0	  0.25	64	64	64
120	     0	  0.25	64	64	64
135	     0	  0.25	64	64	64
150	     0	  0.25	64	64	64
165	     0	  0.25	64	64	64
180	     0	  0.25	64	64	64
195	     0	  0.25	64	64	64
210	     0	  0.25	64	64	64
225	     0	  0.25	64	64	64
240	     0	  0.25	64	64	64
255	     0	  0.25	64	64	64
270	     0	  0.25	64	64	64
285	     0	  0.25	64	64	64
300	     0	  0.25	64	64	64
315	     0	  0.25	64	64	64
330	     0	  0.25	64	64	64
345	     0	  0.25	64	64	64
0	     0	 0.375	96	96	96
15	     0	 0.375	96	96	96
30	     0	 0.375	96	96	96
45	     0	 0.375	96	96	96
60	     0	 0.375	96	96	96
75	     0	 0.375	96	96	96
90	     0	 0.375	96	96	96
105	     0	 0.375	96	96	96
120	     0	 0.375	96	96	96
135	     0	 0.375	96	96	96
150	     0	 0.375	96	96	96
165	     0	 0.375	96	96	96
180	     0	 0.375	96	96	96
195	     0	 0.375	96	96	96
210	     0	 0.375	96	96	96
225	     0	 0.375	96	96	96
240	     0	 0.375	96	96	96
255	     0	 0.375	96	96	96
270	     0	 0.375	96	96	96
285	     0	 0.375	96	96	96
300	     0	 0.375	96	96	96
315	     0	 0.375	96	96	96
330	     0	 0.375	96	96	96
345	     0	 0.375	96	96	96
0	     0	   0.5	128	128	128
15	     0	   0.5	128	128	128
30	     0	   0.5	128	128	128
45	     0	   0.5	128	128	128
60	     0	   0.5	128	128	128
75	     0	   0.5	128	128	128
90	     0	   0.5	128	128	128
105	     0	   0.5	128	128	128
120	     0	   0.5	128	128	128
135	     0	   0.5	128	128	128
150	     0	   0.5	128	128	128
165	     0	   0.5	128	128	128
180	     0	   0.5	128	128	128
195	     0	   0.5	128	128	128
210	     0	   0.5	128	128	128
225	     0	   0.5	128	128	128
240	     0	   0.5	128	128	128
255	     0	   0.5	128	128	128
270	     0	   0.5	128	128	128
285	     0	   0.5	128	128	128
300	     0	   0.5	128	128	128
315	     0	   0.5	128	128	128
330	     0	   0.5	128	128	128
345	     0	   0.5	128	128	128
0	     0	 0.625	160	160	160
15	     0	 0.625	160	160	160
30	     0	 0.625	160	160	160
45	     0	 0.625	160	160	160
60	     0	 0.625	160	160	160
75	     0	 0.625	160	160	160
90	     0	 0.625	160	160	160
105	     0	 0.625	160	160	160
120	     0	 0.625	160	160	160
135	     0	 0.625	160	160	160
150	     0	 0.625	160	160	160
165	     0	 0.625	160	160	160
180	     0	 0.625	160	160	160
195	     0	 0.625	160	160	160
210	     0	 0.625	160	160	160
225	     0	 0.625	160	160	160
240	     0	 0.625	160	160	160
255	     0	 0.625	160	160	160
270	     0	 0.625	160	160	160
285	     0	 0.625	160	160	160
300	     0	 0.625	160	160	160
315	     0	 0.625	160	160	160
330	     0	 0.625	160	160	160
345	     0	 0.625	160	160	160
0	     0	  0.75	192	192	192
15	     0	  0.75	192	192	192
30	     0	  0.75	192	192	192
45	     0	  0.75	192	192	192
60	     0	  0.75	192	192	192
75	     0	  0.75	192	192	192
90	     0	  0.75	192	192	192
105	     0	  0.75	192	192	192
120	     0	  0.75	192	192	192
135	     0	  0.75	192	192	192
150	     0	  0.75	192	192	192
165	     0	  0.75	192	192	192
180	     0	  0.75	192	192	192
195	     0	  0.75	192	192	192
210	     0	  0.75	192	192	192
225	     0	  0.75	192	192	192
240	     0	  0.75	192	192	192
255	     0	  0.75	192	192	192
270	     0	  0.75	192	192	192
285	     0	  0.75	192	192	192
300	     0	  0.75	192	192	192
315	     0	  0.75	192	192	192
330	     0	  0.75	192	192	192
345	     0	  0.75	192	192	192
0	     0	 0.875	224	224	224
15	     0	 0.875	224	224	224
30	     0	 0.875	224	224	224
45	     0	 0.875	224	224	224
60	     0	 0.875	224	224	224
75	     0	 0.875	224	224	224
90	     0	 0.875	224	224	224
105	     0	 0.875	224	224	224
120	     0	 0.875	224	224	224
135	     0	 0.875	224	224	224
150	     0	 0.875	224	224	224
165	     0	 0.875	224	224	224
180	     0	 0.875	224	224	224
195	     0	 0.875	224	224	224
210	     0	 0.875	224	224	224
225	     0	 0.875	224	224	224
240	     0	 0.875	224	224	224
255	     0	 0.875	224	224	224
270	     0	 0.875	224	224	224
285	     0	 0.875	224	224	224
300	     0	 0.875	224	224	224
315	     0	 0.875	224	224	224
330	     0	 0.875	224	224	224
345	     0	 0.875	224	224	224
0	     0	     1	255	255	255
15	     0	     1	255	255	255
30	     0	     1	255	255	255
45	     0	     1	255	255	255
60	     0	     1	255	255	255
75	     0	     1	255	255	255
90	     0	     1	255	255	255
105	     0	     1	255	255	255
120	     0	     1	255	255	255
135	     0	     1	255	255	255
150	     0	     1	255	255	255
165	     0	     1	255	255	255
180	     0	     1	255	255	255
195	     0	     1	255	255	255
210	     0	     1	255	255	255
225	     0	     1	255	255	255
240	     0	     1	255	255	255
255	     0	     1	255	255	255
270	     0	     1	255	255	255
285	     0	     1	255	255	255
300	     0	     1	255	255	255
315	     0	     1	255	255	255
330	     0	     1	255	255	255
345	     0	     1	255	255	255
0	 0.125	     0	0	0	0
15	 0.125	     0	0	0	0
30	 0.125	     0	0	0	0
45	 0.125	     0	0	0	0
60	 0.125	     0	0	0	0
75	 0.125	     0	0	0	0
90	 0.125	     0	0	0	0
105	 0.125	     0	0	0	0
120	 0.125	     0	0	0	0
135	 0.125	     0	0	0	0
150	 0.125	     0	0	0	0
165	 0.125	     0	0	0	0
180	 0.125	     0	0	0	0
195	 0.125	     0	0	0	0
210	 0.125	     0	0	0	0
225	 0.125	     0	0	0	0
240	 0.125	     0	0	0	0
255	 0.125	     0	0	0	0
270	 0.125	     0	0	0	0
285	 0.125	     0	0	0	0
300	 0.125	     0	0	0	0
315	 0.125	     0	0	0	0
330	 0.125	     0	0	0	0
345	 0.125	     0	0	0	0
0	 0.125	 0.125	36	28	28
15	 0.125	 0.125	36	30	28
30	 0.125	 0.125	36	32	28
45	 0.125	 0.125	36	34	28
60	 0.125	 0.125	36	36	28
75	 0.125	 0.125	34	36	28
90	 0.125	 0.125	32	36	28
105	 0.125	 0.125	30	36	28
120	 0.125	 0.125	28	36	28
135	 0.125	 0.125	28	36	30
150	 0.125	 0.125	28	36	32
165	 0.125	 0.125	28	36	34
180	 0.125	 0.125	28	36	36
195	 0.125	 0.125	28	34	36
210	 0.125	 0.125	28	32	36
225	 0.125	 0.125	28	30	36
240	 0.125	 0.125	28	28	36
255	 0.125	 0.125	29	28	36
270	 0.125	 0.125	32	28	36
285	 0.125	 0.125	34	28	36
300	 0.125	 0.125	36	28	36
315	 0.125	 0.125	36	28	34
330	 0.125	 0.125	36	28	31
345	 0.125	 0.125	36	28	30
0	 0.125	  0.25	72	56	56
15	 0.125	  0.25	72	60	56
30	 0.125	  0.25	72	64	56
45	 0.125	  0.25	72	68	56
60	 0.125	  0.25	72	72	56
75	 0.125	  0.25	68	72	56
90	 0.125	  0.25	64	72	56
105	 0.125	  0.25	60	72	56
120	 0.125	  0.25	56	72	56
135	 0.125	  0.25	56	72	60
150	 0.125	  0.25	56	72	64
165	 0.125	  0.25	56	72	68
180	 0.125	  0.25	56	72	72
195	 0.125	  0.25	56	68	72
210	 0.125	  0.25	56	64	72
225	 0.125	  0.25	56	60	72
240	 0.125	  0.25	56	56	72
255	 0.125	  0.25	59	56	72
270	 0.125	  0.25	64	56	72
285	 0.125	  0.25	68	56	72
300	 0.125	  0.25	72	56	72
315	 0.125	  0.25	72	56	68
330	 0.125	  0.25	72	56	63
345	 0.125	  0.25	72	56	60
0	 0.125	 0.375	108	84	84
15	 0.125	 0.375	108	90	84
30	 0.125	 0.375	108	96	84
45	 0.125	 0.375	108	102	84
60	 0.125	 0.375	108	108	84
75	 0.125	 0.375	102	108	84
90	 0.125	 0.375	96	108	84
105	 0.125	 0.375	90	108	84
120	 0.125	 0.375	84	108	84
135	 0.125	 0.375	84	108	90
150	 0.125	 0.375	84	108	96
165	 0.125	 0.375	84	108	102
180	 0.125	 0.375	84	108	108
195	 0.125	 0.375	84	102	108
210	 0.125	 0.375	84	96	108
225	 0.125	 0.375	84	90	108
240	 0.125	 0.375	84	84	108
255	 0.125	 0.375	89	84	108
270	 0.125	 0.375	96	84	108
285	 0.125	 0.375	102	84	108
300	 0.125	 0.375	107	84	108
315	 0.125	 0.375	108	84	102
330	 0.125	 0.375	108	84	95
345	 0.125	 0.375	108	84	90
0	 0.125	   0.5	144	112	112
15	 0.125	   0.5	144	120	112
30	 0.125	   0.5	144	128	112
45	 0.125	   0.5	144	136	112
60	 0.125	   0.5	144	144	112
75	 0.125	   0.5	136	144	112
90	 0.125	   0.5	128	144	112
105	 0.125	   0.5	120	144	112
120	 0.125	   0.5	112	144	112
135	 0.125	   0.5	112	144	120
150	 0.125	   0.5	112	144	128
165	 0.125	   0.5	112	144	136
180	 0.125	   0.5	112	144	144
195	 0.125	   0.5	112	136	144
210	 0.125	   0.5	112	128	144
225	 0.125	   0.5	112	120	144
240	 0.125	   0.5	112	112	144
255	 0.125	   0.5	119	112	144
270	 0.125	   0.5	128	112	144
285	 0.125	   0.5	136	112	144
300	 0.125	   0.5	144	112	144
315	 0.125	   0.5	144	112	136
330	 0.125	   0.5	144	112	127
345	 0.125	   0.5	144	112	120
0	 0.125	 0.625	172	148	148
15	 0.125	 0.625	172	154	148
30	 0.125	 0.625	172	160	148
45	 0.125	 0.625	172	166	148
60	 0.125	 0.625	172	172	148
75	 0.125	 0.625	166	172	148
90	 0.125	 0.625	160	172	148
105	 0.125	 0.625	154	172	148
120	 0.125	 0.625	148	172	148
135	 0.125	 0.625	148	172	154
150	 0.125	 0.625	148	172	160
165	 0.125	 0.625	148	172	166
180	 0.125	 0.625	148	172	172
195	 0.125	 0.625	148	166	172
210	 0.125	 0.625	148	160	172
225	 0.125	 0.625	148	154	172
240	 0.125	 0.625	148	148	172
255	 0.125	 0.625	154	148	172
270	 0.125	 0.625	160	148	172
285	 0.125	 0.625	166	148	172
300	 0.125	 0.625	172	148	172
315	 0.125	 0.625	172	148	166
330	 0.125	 0.625	172	148	160
345	 0.125	 0.625	172	148	154
0	 0.125	  0.75	200	184	184
15	 0.125	  0.75	200	188	184
30	 0.125	  0.75	200	192	184
45	 0.125	  0.75	200	196	184
60	 0.125	  0.75	200	200	184
75	 0.125	  0.75	196	200	184
90	 0.125	  0.75	192	200	184
105	 0.125	  0.75	188	200	184
120	 0.125	  0.75	184	200	184
135	 0.125	  0.75	184	200	188
150	 0.125	  0.75	184	200	192
165	 0.125	  0.75	184	200	196
180	 0.125	  0.75	184	200	200
195	 0.125	  0.75	184	196	200
210	 0.125	  0.75	184	192	200
225	 0.125	  0.75	184	188	200
240	 0.125	  0.75	184	184	200
255	 0.125	  0.75	188	184	200
270	 0.125	  0.75	192	184	200
285	 0.125	  0.75	196	184	200
300	 0.125	  0.75	200	184	200
315	 0.125	  0.75	200	184	196
330	 0.125	  0.75	200	184	192
345	 0.125	  0.75	200	184	188
0	 0.125	 0.875	228	220	220
15	 0.125	 0.875	228	222	220
30	 0.125	 0.875	228	224	220
45	 0.125	 0.875	228	226	220
60	 0.125	 0.875	228	228	220
75	 0.125	 0.875	226	228	220
90	 0.125	 0.875	224	228	220
105	 0.125	 0.875	222	228	220
120	 0.125	 0.875	220	228	220
135	 0.125	 0.875	220	228	222
150	 0.125	 0.875	220	228	224
165	 0.125	 0.875	220	228	226
180	 0.125	 0.875	220	228	228
195	 0.125	 0.875	220	226	228
210	 0.125	 0.875	220	224	228
225	 0.125	 0.875	220	222	228
240	 0.125	 0.875	220	220	228
255	 0.125	 0.875	222	220	228
270	 0.125	 0.875	224	220	228
285	 0.125	 0.875	226	220	228
300	 0.125	 0.875	228	220	228
315	 0.125	 0.875	228	220	226
330	 0.125	 0.875	228	220	224
345	 0.125	 0.875	228	220	222
0	 0.125	     1	255	255	255
15	 0.125	     1	255	255	255
30	 0.125	     1	255	255	255
45	 0.125	     1	255	255	255
60	 0.125	     1	255	255	255
75	 0.125	     1	255	255	255
90	 0.125	     1	255	255	255
105	 0.125	     1	255	255	255
120	 0.125	     1	255	255	255
135	 0.125	     1	255	255	255
150	 0.125	     1	255	255	255
165	 0.125	     1	255	255	255
180	 0.125	     1	255	255	255
195	 0.125	     1	255	255	255
210	 0.125	     1	255	255	255
225	 0.125	     1	255	255	255
240	 0.125	     1	255	255	255
255	 0.125	     1	255	255	255
270	 0.125	     1	255	255	255
285	 0.125	     1	255	255	255
300	 0.125	     1	255	255	255
315	 0.125	     1	255	255	255
330	 0.125	     1	255	255	255
345	 0.125	     1	255	255	255
0	  0.25	     0	0	0	0
15	  0.25	     0	0	0	0
30	  0.25	     0	0	0	0
45	  0.25	     0	0	0	0
60	  0.25	     0	0	0	0
75	  0.25	     0	0	0	0
90	  0.25	     0	0	0	0
105	  0.25	     0	0	0	0
120	  0.25	     0	0	0	0
135	  0.25	     0	0	0	0
150	  0.25	     0	0	0	0
165	  0.25	     0	0	0	0
180	  0.25	     0	0	0	0
195	  0.25	     0	0	0	0
210	  0.25	     0	0	0	0
225	  0.25	     0	0	0	0
240	  0.25	     0	0	0	0
255	  0.25	     0	0	0	0
270	  0.25	     0	0	0	0
285	  0.25	     0	0	0	0
300	  0.25	     0	0	0	0
315	  0.25	     0	0	0	0
330	  0.25	     0	0	0	0
345	  0.25	     0	0	0	0
0	  0.25	 0.125	40	24	24
15	  0.25	 0.125	40	28	24
30	  0.25	 0.125	40	32	24
45	  0.25	 0.125	40	36	24
60	  0.25	 0.125	40	40	24
75	  0.25	 0.125	36	40	24
90	  0.25	 0.125	32	40	24
105	  0.25	 0.125	28	40	24
120	  0.25	 0.125	24	40	24
135	  0.25	 0.125	24	40	28
150	  0.25	 0.125	24	40	31
165	  0.25	 0.125	24	40	36
180	  0.25	 0.125	24	40	40
195	  0.25	 0.125	24	36	40
210	  0.25	 0.125	24	32	40
225	  0.25	 0.125	24	28	40
240	  0.25	 0.125	24	24	40
255	  0.25	 0.125	27	24	40
270	  0.25	 0.125	32	24	40
285	  0.25	 0.125	36	24	40
300	  0.25	 0.125	39	24	40
315	  0.25	 0.125	40	24	36
330	  0.25	 0.125	40	24	31
345	  0.25	 0.125	40	24	28
0	  0.25	  0.25	80	48	48
15	  0.25	  0.25	80	56	48
30	  0.25	  0.25	80	64	48
45	  0.25	  0.25	80	72	48
60	  0.25	  0.25	80	80	48
75	  0.25	  0.25	72	80	48
90	  0.25	  0.25	64	80	48
105	  0.25	  0.25	56	80	48
120	  0.25	  0.25	48	80	48
135	  0.25	  0.25	48	80	56
150	  0.25	  0.25	48	80	63
165	  0.25	  0.25	48	80	72
180	  0.25	  0.25	48	80	80
195	  0.25	  0.25	48	72	80
210	  0.25	  0.25	48	64	80
225	  0.25	  0.25	48	56	80
240	  0.25	  0.25	48	48	80
255	  0.25	  0.25	55	48	80
270	  0.25	  0.25	64	48	80
285	  0.25	  0.25	72	48	80
300	  0.25	  0.25	79	48	80
315	  0.25	  0.25	80	48	72
330	  0.25	  0.25	80	48	63
345	  0.25	  0.25	80	48	56
0	  0.25	 0.375	120	72	72
15	  0.25	 0.375	120	84	72
30	  0.25	 0.375	120	96	72
45	  0.25	 0.375	120	108	72
60	  0.25	 0.375	120	120	72
75	  0.25	 0.375	107	120	72
90	  0.25	 0.375	96	120	72
105	  0.25	 0.375	84	120	72
120	  0.25	 0.375	72	120	72
135	  0.25	 0.375	72	120	84
150	  0.25	 0.375	72	120	96
165	  0.25	 0.375	72	120	108
180	  0.25	 0.375	72	120	120
195	  0.25	 0.375	72	107	120
210	  0.25	 0.375	72	96	120
225	  0.25	 0.375	72	84	120
240	  0.25	 0.375	72	72	120
255	  0.25	 0.375	83	72	120
270	  0.25	 0.375	96	72	120
285	  0.25	 0.375	108	72	120
300	  0.25	 0.375	119	72	120
315	  0.25	 0.375	120	72	107
330	  0.25	 0.375	120	72	95
345	  0.25	 0.375	120	72	84
0	  0.25	   0.5	160	96	96
15	  0.25	   0.5	160	112	96
30	  0.25	   0.5	160	128	96
45	  0.25	   0.5	160	144	96
60	  0.25	   0.5	160	160	96
75	  0.25	   0.5	144	160	96
90	  0.25	   0.5	128	160	96
105	  0.25	   0.5	112	160	96
120	  0.25	   0.5	96	160	96
135	  0.25	   0.5	96	160	112
150	  0.25	   0.5	96	160	127
165	  0.25	   0.5	96	160	144
180	  0.25	   0.5	96	160	160
195	  0.25	   0.5	96	144	160
210	  0.25	   0.5	96	128	160
225	  0.25	   0.5	96	112	160
240	  0.25	   0.5	96	96	160
255	  0.25	   0.5	111	96	160
270	  0.25	   0.5	128	96	160
285	  0.25	   0.5	144	96	160
300	  0.25	   0.5	159	96	160
315	  0.25	   0.5	160	96	144
330	  0.25	   0.5	160	96	127
345	  0.25	   0.5	160	96	112
0	  0.25	 0.625	184	136	136
15	  0.25	 0.625	184	148	136
30	  0.25	 0.625	184	160	136
45	  0.25	 0.625	184	172	136
60	  0.25	 0.625	184	184	136
75	  0.25	 0.625	172	184	136
90	  0.25	 0.625	160	184	136
105	  0.25	 0.625	148	184	136
120	  0.25	 0.625	136	184	136
135	  0.25	 0.625	136	184	148
150	  0.25	 0.625	136	184	160
165	  0.25	 0.625	136	184	172
180	  0.25	 0.625	136	184	184
195	  0.25	 0.625	136	172	184
210	  0.25	 0.625	136	160	184
225	  0.25	 0.625	136	148	184
240	  0.25	 0.625	136	136	184
255	  0.25	 0.625	147	136	184
270	  0.25	 0.625	160	136	184
285	  0.25	 0.625	172	136	184
300	  0.25	 0.625	183	136	184
315	  0.25	 0.625	184	136	172
330	  0.25	 0.625	184	136	159
345	  0.25	 0.625	184	136	148
0	  0.25	  0.75	208	176	176
15	  0.25	  0.75	208	184	176
30	  0.25	  0.75	208	192	176
45	  0.25	  0.75	208	200	176
60	  0.25	  0.75	208	208	176
75	  0.25	  0.75	200	208	176
90	  0.25	  0.75	192	208	176
105	  0.25	  0.75	184	208	176
120	  0.25	  0.75	176	208	176
135	  0.25	  0.75	176	208	184
150	  0.25	  0.75	176	208	192
165	  0.25	  0.75	176	208	200
180	  0.25	  0.75	176	208	208
195	  0.25	  0.75	176	200	208
210	  0.25	  0.75	176	192	208
225	  0.25	  0.75	176	184	208
240	  0.25	  0.75	176	176	208
255	  0.25	  0.75	184	176	208
270	  0.25	  0.75	192	176	208
285	  0.25	  0.75	200	176	208
300	  0.25	  0.75	208	176	208
315	  0.25	  0.75	208	176	200
330	  0.25	  0.75	208	176	192
345	  0.25	  0.75	208	176	184
0	  0.25	 0.875	232	216	216
15	  0.25	 0.875	232	220	216
30	  0.25	 0.875	232	224	216
45	  0.25	 0.875	232	228	216
60	  0.25	 0.875	232	232	216
75	  0.25	 0.875	228	232	216
90	  0.25	 0.875	224	232	216
105	  0.25	 0.875	220	232	216
120	  0.25	 0.875	216	232	216
135	  0.25	 0.875	216	232	220
150	  0.25	 0.875	216	232	224
165	  0.25	 0.875	216	232	228
180	  0.25	 0.875	216	232	232
195	  0.25	 0.875	216	228	232
210	  0.25	 0.875	216	224	232
225	  0.25	 0.875	216	220	232
240	  0.25	 0.875	216	216	232
255	  0.25	 0.875	220	216	232
270	  0.25	 0.875	224	216	232
285	  0.25	 0.875	228	216	232
300	  0.25	 0.875	232	216	232
315	  0.25	 0.875	232	216	228
330	  0.25	 0.875	232	216	224
345	  0.25	 0.875	232	216	220
0	  0.25	     1	255	255	255
15	  0.25	     1	255	255	255
30	  0.25	     1	255	255	255
45	  0.25	     1	255	255	255
60	  0.25	     1	255	255	255
75	  0.25	     1	255	255	255
90	  0.25	     1	255	255	255
105	  0.25	     1	255	255	255
120	  0.25	     1	255	255	255
135	  0.25	     1	255	255	255
150	  0.25	     1	255	255	255
165	  0.25	     1	255	255	255
180	  0.25	     1	255	255	255
195	  0.25	     1	255	255	255
210	  0.25	     1	255	255	255
225	  0.25	     1	255	255	255
240	  0.25	     1	255	255	255
255	  0.25	     1	255	255	255
270	  0.25	     1	255	255	255
285	  0.25	     1	255	255	255
300	  0.25	     1	255	255	255
315	  0.25	     1	255	255	255
330	  0.25	     1	255	255	255
345	  0.25	     1	255	255	255
0	 0.375	     0	0	0	0
15	 0.375	     0	0	0	0
30	 0.375	     0	0	0	0
45	 0.375	     0	0	0	0
60	 0.375	     0	0	0	0
75	 0.375	     0	0	0	0
90	 0.375	     0	0	0	0
105	 0.375	     0	0	0	0
120	 0.375	     0	0	0	0
135	 0.375	     0	0	0	0
150	 0.375	     0	0	0	0
165	 0.375	     0	0	0	0
180	 0.375	     0	0	0	0
195	 0.375	     0	0	0	0
210	 0.375	     0	0	0	0
225	 0.375	     0	0	0	0
240	 0.375	     0	0	0	0
255	 0.375	     0	0	0	0
270	 0.375	     0	0	0	0
285	 0.375	     0	0	0	0
300	 0.375	     0	0	0	0
315	 0.375	     0	0	0	0
330	 0.375	     0	0	0	0
345	 0.375	     0	0	0	0
0	 0.375	 0.125	44	20	20
15	 0.375	 0.125	44	26	20
30	 0.375	 0.125	44	32	20
45	 0.375	 0.125	44	38	20
60	 0.375	 0.125	44	44	20
75	 0.375	 0.125	37	44	20
90	 0.375	 0.125	32	44	20
105	 0.375	 0.125	26	44	20
120	 0.375	 0.125	20	44	20
135	 0.375	 0.125	20	44	26
150	 0.375	 0.125	20	44	31
165	 0.375	 0.125	20	44	38
180	 0.375	 0.125	20	44	44
195	 0.375	 0.125	20	37	44
210	 0.375	 0.125	20	32	44
225	 0.375	 0.125	20	26	44
240	 0.375	 0.125	20	20	44
255	 0.375	 0.125	25	20	44
270	 0.375	 0.125	32	20	44
285	 0.375	 0.125	38	20	44
300	 0.375	 0.125	43	20	44
315	 0.375	 0.125	44	20	37
330	 0.375	 0.125	44	20	31
345	 0.375	 0.125	44	20	26
0	 0.375	  0.25	88	40	40
15	 0.375	  0.25	88	52	40
30	 0.375	  0.25	88	64	40
45	 0.375	  0.25	88	76	40
60	 0.375	  0.25	88	88	40
75	 0.375	  0.25	75	88	40
90	 0.375	  0.25	64	88	40
105	 0.375	  0.25	52	88	40
120	 0.375	  0.25	40	88	40
135	 0.375	  0.25	40	88	52
150	 0.375	  0.25	40	88	63
165	 0.375	  0.25	40	88	76
180	 0.375	  0.25	40	88	88
195	 0.375	  0.25	40	75	88
210	 0.375	  0.25	40	64	88
225	 0.375	  0.25	40	52	88
240	 0.375	  0.25	40	40	88
255	 0.375	  0.25	51	40	88
270	 0.375	  0.25	64	40	88
285	 0.375	  0.25	76	40	88
300	 0.375	  0.25	87	40	88
315	 0.375	  0.25	88	40	75
330	 0.375	  0.25	88	40	63
345	 0.375	  0.25	88	40	52
0	 0.375	 0.375	132	60	60
15	 0.375	 0.375	132	78	60
30	 0.375	 0.375	132	96	60
45	 0.375	 0.375	132	114	60
60	 0.375	 0.375	132	132	60
75	 0.375	 0.375	113	132	60
90	 0.375	 0.375	96	132	60
105	 0.375	 0.375	78	132	60
120	 0.375	 0.375	60	132	60
135	 0.375	 0.375	60	132	78
150	 0.375	 0.375	60	132	95
165	 0.375	 0.375	60	132	114
180	 0.375	 0.375	60	132	132
195	 0.375	 0.375	60	113	132
210	 0.375	 0.375	60	96	132
225	 0.375	 0.375	60	78	132
240	 0.375	 0.375	60	60	132
255	 0.375	 0.375	77	60	132
270	 0.375	 0.375	96	60	132
285	 0.375	 0.375	114	60	132
300	 0.375	 0.375	131	60	132
315	 0.375	 0.375	132	60	113
330	 0.375	 0.375	132	60	95
345	 0.375	 0.375	132	60	78
0	 0.375	   0.5	176	80	80
15	 0.375	   0.5	176	104	80
30	 0.375	   0.5	176	128	80
45	 0.375	   0.5	176	152	80
60	 0.375	   0.5	176	176	80
75	 0.375	   0.5	151	176	80
90	 0.375	   0.5	128	176	80
105	 0.375	   0.5	104	176	80
120	 0.375	   0.5	80	176	80
135	 0.375	   0.5	80	176	104
150	 0.375	   0.5	80	176	127
165	 0.375	   0.5	80	176	152
180	 0.375	   0.5	80	176	176
195	 0.375	   0.5	80	151	176
210	 0.375	   0.5	80	128	176
225	 0.375	   0.5	80	104	176
240	 0.375	   0.5	80	80	176
255	 0.375	   0.5	103	80	176
270	 0.375	   0.5	128	80	176
285	 0.375	   0.5	152	80	176
300	 0.375	   0.5	175	80	176
315	 0.375	   0.5	176	80	151
330	 0.375	   0.5	176	80	127
345	 0.375	   0.5	176	80	104
0	 0.375	 0.625	196	124	124
15	 0.375	 0.625	196	142	124
30	 0.375	 0.625	196	160	124
45	 0.375	 0.625	196	178	124
60	 0.375	 0.625	196	196	124
75	 0.375	 0.625	177	196	124
90	 0.375	 0.625	160	196	124
105	 0.375	 0.625	142	196	124
120	 0.375	 0.625	124	196	124
135	 0.375	 0.625	124	196	142
150	 0.375	 0.625	124	196	160
165	 0.375	 0.625	124	196	178
180	 0.375	 0.625	124	196	196
195	 0.375	 0.625	124	177	196
210	 0.375	 0.625	124	160	196
225	 0.375	 0.625	124	142	196
240	 0.375	 0.625	124	124	196
255	 0.375	 0.625	141	124	196
270	 0.375	 0.625	160	124	196
285	 0.375	 0.625	178	124	196
300	 0.375	 0.625	195	124	196
315	 0.375	 0.625	196	124	177
330	 0.375	 0.625	196	124	159
345	 0.375	 0.625	196	124	142
0	 0.375	  0.75	216	168	168
15	 0.375	  0.75	216	180	168
30	 0.375	  0.75	216	192	168
45	 0.375	  0.75	216	204	168
60	 0.375	  0.75	216	216	168
75	 0.375	  0.75	204	216	168
90	 0.375	  0.75	192	216	168
105	 0.375	  0.75	180	216	168
120	 0.375	  0.75	168	216	168
135	 0.375	  0.75	168	216	180
150	 0.375	  0.75	168	216	192
165	 0.375	  0.75	168	216	204
180	 0.375	  0.75	168	216	216
195	 0.375	  0.75	168	204	216
210	 0.375	  0.75	168	192	216
225	 0.375	  0.75	168	180	216
240	 0.375	  0.75	168	168	216
255	 0.375	  0.75	179	168	216
270	 0.375	  0.75	192	168	216
285	 0.375	  0.75	204	168	216
300	 0.375	  0.75	215	168	216
315	 0.375	  0.75	216	168	204
330	 0.375	  0.75	216	168	191
345	 0.375	  0.75	216	168	180
0	 0.375	 0.875	236	212	212
15	 0.375	 0.875	236	218	212
30	 0.375	 0.875	236	224	212
45	 0.375	 0.875	236	230	212
60	 0.375	 0.875	236	236	212
75	 0.375	 0.875	230	236	212
90	 0.375	 0.875	224	236	212
105	 0.375	 0.875	218	236	212
120	 0.375	 0.875	212	236	212
135	 0.375	 0.875	212	236	218
150	 0.375	 0.875	212	236	224
165	 0.375	 0.875	212	236	230
180	 0.375	 0.875	212	236	236
195	 0.375	 0.875	212	230	236
210	 0.375	 0.875	212	224	236
225	 0.375	 0.875	212	218	236
240	 0.375	 0.875	212	212	236
255	 0.375	 0.875	218	212	236
270	 0.375	 0.875	224	212	236
285	 0.375	 0.875	230	212	236
300	 0.375	 0.875	236	212	236
315	 0.375	 0.875	236	212	230
330	 0.375	 0.875	236	212	224
345	 0.375	 0.875	236	212	218
0	 0.375	     1	255	255	255
15	 0.375	     1	255	255	255
30	 0.375	     1	255	255	255
45	 0.375	     1	255	255	255
60	 0.375	     1	255	255	255
75	 0.375	     1	255	255	255
90	 0.375	     1	255	255	255
105	 0.375	     1	255	255	255
120	 0.375	     1	255	255	255
135	 0.375	     1	255	255	255
150	 0.375	     1	255	255	255
165	 0.375	     1	255	255	255
180	 0.375	     1	255	255	255
195	 0.375	     1	255	255	255
210	 0.375	     1	255	255	255
225	 0.375	     1	255	255	255
240	 0.375	     1	255	255	255
255	 0.375	     1	255	255	255
270	 0.375	     1	255	255	255
285	 0.375	     1	255	255	255
300	 0.375	     1	255	255	255
315	 0.375	     1	255	255	255
330	 0.375	     1	255	255	255
345	 0.375	     1	255	255	255
0	   0.5	     0	0	0	0
15	   0.5	     0	0	0	0
30	   0.5	     0	0	0	0
45	   0.5	     0	0	0	0
60	   0.5	     0	0	0	0
75	   0.5	     0	0	0	0
90	   0.5	     0	0	0	0
105	   0.5	     0	0	0	0
120	   0.5	     0	0	0	0
135	   0.5	     0	0	0	0
150	   0.5	     0	0	0	0
165	   0.5	     0	0	0	0
180	   0.5	     0	0	0	0
195	   0.5	     0	0	0	0
210	   0.5	     0	0	0	0
225	   0.5	     0	0	0	0
240	   0.5	     0	0	0	0
255	   0.5	     0	0	0	0
270	   0.5	     0	0	0	0
285	   0.5	     0	0	0	0
300	   0.5	     0	0	0	0
315	   0.5	     0	0	0	0
330	   0.5	     0	0	0	0
345	   0.5	     0	0	0	0
0	   0.5	 0.125	48	16	16
15	   0.5	 0.125	48	24	16
30	   0.5	 0.125	48	32	16
45	   0.5	 0.125	48	40	16
60	   0.5	 0.125	48	48	16
75	   0.5	 0.125	39	48	16
90	   0.5	 0.125	32	48	16
105	   0.5	 0.125	24	48	16
120	   0.5	 0.125	16	48	16
135	   0.5	 0.125	16	48	24
150	   0.5	 0.125	16	48	31
165	   0.5	 0.125	16	48	40
180	   0.5	 0.125	16	48	48
195	   0.5	 0.125	16	39	48
210	   0.5	 0.125	16	32	48
225	   0.5	 0.125	16	24	48
240	   0.5	 0.125	16	16	48
255	   0.5	 0.125	23	16	48
270	   0.5	 0.125	32	16	48
285	   0.5	 0.125	40	16	48
300	   0.5	 0.125	47	16	48
315	   0.5	 0.125	48	16	39
330	   0.5	 0.125	48	16	31
345	   0.5	 0.125	48	16	24
0	   0.5	  0.25	96	32	32
15	   0.5	  0.25	96	48	32
30	   0.5	  0.25	96	64	32
45	   0.5	  0.25	96	80	32
60	   0.5	  0.25	96	96	32
75	   0.5	  0.25	79	96	32
90	   0.5	  0.25	64	96	32
105	   0.5	  0.25	48	96	32
120	   0.5	  0.25	32	96	32
135	   0.5	  0.25	32	96	48
150	   0.5	  0.25	32	96	63
165	   0.5	  0.25	32	96	80
180	   0.5	  0.25	32	96	96
195	   0.5	  0.25	32	79	96
210	   0.5	  0.25	32	64	96
225	   0.5	  0.25	32	48	96
240	   0.5	  0.25	32	32	96
255	   0.5	  0.25	47	32	96
270	   0.5	  0.25	64	32	96
285	   0.5	  0.25	80	32	96
300	   0.5	  0.25	95	32	96
315	   0.5	  0.25	96	32	79
330	   0.5	  0.25	96	32	63
345	   0.5	  0.25	96	32	48
0	   0.5	 0.375	144	48	48
15	   0.5	 0.375	144	72	48
30	   0.5	 0.375	144	96	48
45	   0.5	 0.375	144	120	48
60	   0.5	 0.375	144	144	48
75	   0.5	 0.375	119	144	48
90	   0.5	 0.375	96	144	48
105	   0.5	 0.375	72	144	48
120	   0.5	 0.375	48	144	48
135	   0.5	 0.375	48	144	72
150	   0.5	 0.375	48	144	95
165	   0.5	 0.375	48	144	120
180	   0.5	 0.375	48	144	144
195	   0.5	 0.375	48	119	144
210	   0.5	 0.375	48	96	144
225	   0.5	 0.375	48	72	144
240	   0.5	 0.375	48	48	144
255	   0.5	 0.375	71	48	144
270	   0.5	 0.375	96	48	144
285	   0.5	 0.375	120	48	144
300	   0.5	 0.375	143	48	144
315	   0.5	 0.375	144	48	119
330	   0.5	 0.375	144	48	95
345	   0.5	 0.375	144	48	72
0	   0.5	   0.5	192	64	64
15	   0.5	   0.5	192	96	64
30	   0.5	   0.5	192	128	64
45	   0.5	   0.5	192	160	64
60	   0.5	   0.5	192	192	64
75	   0.5	   0.5	159	192	64
90	   0.5	   0.5	128	192	64
105	   0.5	   0.5	96	192	64
120	   0.5	   0.5	64	192	64
135	   0.5	   0.5	64	192	96
150	   0.5	   0.5	64	192	127
165	   0.5	   0.5	64	192	160
180	   0.5	   0.5	64	192	192
195	   0.5	   0.5	64	159	192
210	   0.5	   0.5	64	128	192
225	   0.5	   0.5	64	96	192
240	   0.5	   0.5	64	64	192
255	   0.5	   0.5	95	64	192
270	   0.5	   0.5	128	64	192
285	   0.5	   0.5	160	64	192
300	   0.5	   0.5	191	64	192
315	   0.5	   0.5	192	64	159
330	   0.5	   0.5	192	64	127
345	   0.5	   0.5	192	64	96
0	   0.5	 0.625	208	112	112
15	   0.5	 0.625	208	136	112
30	   0.5	 0.625	208	160	112
45	   0.5	 0.625	208	184	112
60	   0.5	 0.625	208	208	112
75	   0.5	 0.625	183	208	112
90	   0.5	 0.625	160	208	112
105	   0.5	 0.625	136	208	112
120	   0.5	 0.625	112	208	112
135	   0.5	 0.625	112	208	136
150	   0.5	 0.625	112	208	160
165	   0.5	 0.625	112	208	184
180	   0.5	 0.625	112	208	208
195	   0.5	 0.625	112	183	208
210	   0.5	 0.625	112	160	208
225	   0.5	 0.625	112	136	208
240	   0.5	 0.625	112	112	208
255	   0.5	 0.625	135	112	208
270	   0.5	 0.625	160	112	208
285	   0.5	 0.625	184	112	208
300	   0.5	 0.625	207	112	208
315	   0.5	 0.625	208	112	183
330	   0.5	 0.625	208	112	159
345	   0.5	 0.625	208	112	136
0	   0.5	  0.75	224	160	160
15	   0.5	  0.75	224	176	160
30	   0.5	  0.75	224	192	160
45	   0.5	  0.75	224	208	160
60	   0.5	  0.75	224	224	160
75	   0.5	  0.75	208	224	160
90	   0.5	  0.75	192	224	160
105	   0.5	  0.75	176	224	160
120	   0.5	  0.75	160	224	160
135	   0.5	  0.75	160	224	176
150	   0.5	  0.75	160	224	192
165	   0.5	  0.75	160	224	208
180	   0.5	  0.75	160	224	224
195	   0.5	  0.75	160	208	224
210	   0.5	  0.75	160	192	224
225	   0.5	  0.75	160	176	224
240	   0.5	  0.75	160	160	224
255	   0.5	  0.75	175	160	224
270	   0.5	  0.75	192	160	224
285	   0.5	  0.75	208	160	224
300	   0.5	  0.75	223	160	224
315	   0.5	  0.75	224	160	208
330	   0.5	  0.75	224	160	191
345	   0.5	  0.75	224	160	176
0	   0.5	 0.875	240	208	208
15	   0.5	 0.875	240	216	208
30	   0.5	 0.875	240	224	208
45	   0.5	 0.875	240	232	208
60	   0.5	 0.875	240	240	208
75	   0.5	 0.875	232	240	208
90	   0.5	 0.875	224	240	208
105	   0.5	 0.875	216	240	208
120	   0.5	 0.875	208	240	208
135	   0.5	 0.875	208	240	216
150	   0.5	 0.875	208	240	224
165	   0.5	 0.875	208	240	232
180	   0.5	 0.875	208	240	240
195	   0.5	 0.875	208	232	240
210	   0.5	 0.875	208	224	240
225	   0.5	 0.875	208	216	240
240	   0.5	 0.875	208	208	240
255	   0.5	 0.875	216	208	240
270	   0.5	 0.875	224	208	240
285	   0.5	 0.875	232	208	240
300	   0.5	 0.875	240	208	240
315	   0.5	 0.875	240	208	232
330	   0.5	 0.875	240	208	224
345	   0.5	 0.875	240	208	216
0	   0.5	     1	255	255	255
15	   0.5	     1	255	255	255
30	   0.5	     1	255	255	255
45	   0.5	     1	255	255	255
60	   0.5	     1	255	255	255
75	   0.5	     1	255	255	255
90	   0.5	     1	255	255	255
105	   0.5	     1	255	255	255
120	   0.5	     1	255	255	255
135	   0.5	     1	255	255	255
150	   0.5	     1	255	255	255
165	   0.5	     1	255	255	255
180	   0.5	     1	255	255	255
195	   0.5	     1	255	255	255
210	   0.5	     1	255	255	255
225	   0.5	     1	255	255	255
240	   0.5	     1	255	255	255
255	   0.5	     1	255	255	255
270	   0.5	     1	255	255	255
285	   0.5	     1	255	255	255
300	   0.5	     1	255	255	255
315	   0.5	     1	255	255	255
330	   0.5	     1	255	255	255
345	   0.5	     1	255	255	255
0	 0.625	     0	0	0	0
15	 0.625	     0	0	0	0
30	 0.625	     0	0	0	0
45	 0.625	     0	0	0	0
60	 0.625	     0	0	0	0
75	 0.625	     0	0	0	0
90	 0.625	     0	0	0	0
105	 0.625	     0	0	0	0
120	 0.625	     0	0	0	0
135	 0.625	     0	0	0	0
150	 0.625	     0	0	0	0
165	 0.625	     0	0	0	0
180	 0.625	     0	0	0	0
195	 0.625	     0	0	0	0
210	 0.625	     0	0	0	0
225	 0.625	     0	0	0	0
240	 0.625	     0	0	0	0
255	 0.625	     0	0	0	0
270	 0.625	     0	0	0	0
285	 0.625	     0	0	0	0
300	 0.625	     0	0	0	0
315	 0.625	     0	0	0	0
330	 0.625	     0	0	0	0
345	 0.625	     0	0	0	0
0	 0.625	 0.125	52	12	12
15	 0.625	 0.125	52	22	12
30	 0.625	 0.125	52	32	12
45	 0.625	 0.125	52	42	12
60	 0.625	 0.125	52	52	12
75	 0.625	 0.125	41	52	12
90	 0.625	 0.125	32	52	12
105	 0.625	 0.125	22	52	12
120	 0.625	 0.125	12	52	12
135	 0.625	 0.125	12	52	22
150	 0.625	 0.125	12	52	31
165	 0.625	 0.125	12	52	42
180	 0.625	 0.125	12	52	52
195	 0.625	 0.125	12	41	52
210	 0.625	 0.125	12	32	52
225	 0.625	 0.125	12	22	52
240	 0.625	 0.125	12	12	52
255	 0.625	 0.125	21	12	52
270	 0.625	 0.125	32	12	52
285	 0.625	 0.125	42	12	52
300	 0.625	 0.125	51	12	52
315	 0.625	 0.125	52	12	41
330	 0.625	 0.125	52	12	31
345	 0.625	 0.125	52	12	22
0	 0.625	  0.25	104	24	24
15	 0.625	  0.25	104	44	24
30	 0.625	  0.25	104	64	24
45	 0.625	  0.25	104	84	24
60	 0.625	  0.25	104	104	24
75	 0.625	  0.25	83	104	24
90	 0.625	  0.25	64	104	24
105	 0.625	  0.25	44	104	24
120	 0.625	  0.25	24	104	24
135	 0.625	  0.25	24	104	44
150	 0.625	  0.25	24	104	63
165	 0.625	  0.25	24	104	84
180	 0.625	  0.25	24	104	104
195	 0.625	  0.25	24	83	104
210	 0.625	  0.25	24	64	104
225	 0.625	  0.25	24	44	104
240	 0.625	  0.25	24	24	104
255	 0.625	  0.25	43	24	104
270	 0.625	  0.25	64	24	104
285	 0.625	  0.25	84	24	104
300	 0.625	  0.25	103	24	104
315	 0.625	  0.25	104	24	83
330	 0.625	  0.25	104	24	63
345	 0.625	  0.25	104	24	44
0	 0.625	 0.375	156	36	36
15	 0.625	 0.375	156	66	36
30	 0.625	 0.375	156	96	36
45	 0.625	 0.375	156	126	36
60	 0.625	 0.375	156	156	36
75	 0.625	 0.375	125	156	36
90	 0.625	 0.375	96	156	36
105	 0.625	 0.375	66	156	36
120	 0.625	 0.375	36	156	36
135	 0.625	 0.375	36	156	66
150	 0.625	 0.375	36	156	95
165	 0.625	 0.375	36	156	126
180	 0.625	 0.375	36	156	156
195	 0.625	 0.375	36	125	156
210	 0.625	 0.375	36	96	156
225	 0.625	 0.375	36	66	156
240	 0.625	 0.375	36	36	156
255	 0.625	 0.375	65	36	156
270	 0.625	 0.375	96	36	156
285	 0.625	 0.375	126	36	156
300	 0.625	 0.375	155	36	156
315	 0.625	 0.375	156	36	125
330	 0.625	 0.375	156	36	95
345	 0.625	 0.375	156	36	66
0	 0.625	   0.5	208	48	48
15	 0.625	   0.5	208	88	48
30	 0.625	   0.5	208	128	48
45	 0.625	   0.5	208	168	48
60	 0.625	   0.5	208	208	48
75	 0.625	   0.5	167	208	48
90	 0.625	   0.5	128	208	48
105	 0.625	   0.5	88	208	48
120	 0.625	   0.5	48	208	48
135	 0.625	   0.5	48	208	88
150	 0.625	   0.5	48	208	127
165	 0.625	   0.5	48	208	168
180	 0.625	   0.5	48	208	208
195	 0.625	   0.5	48	167	208
210	 0.625	   0.5	48	128	208
225	 0.625	   0.5	48	88	208
240	 0.625	   0.5	48	48	208
255	 0.625	   0.5	87	48	208
270	 0.625	   0.5	128	48	208
285	 0.625	   0.5	168	48	208
300	 0.625	   0.5	207	48	208
315	 0.625	   0.5	208	48	167
330	 0.625	   0.5	208	48	127
345	 0.625	   0.5	208	48	88
0	 0.625	 0.625	220	100	100
15	 0.625	 0.625	220	130	100
30	 0.625	 0.625	220	160	100
45	 0.625	 0.625	220	190	100
60	 0.625	 0.625	220	220	100
75	 0.625	 0.625	189	220	100
90	 0.625	 0.625	160	220	100
105	 0.625	 0.625	130	220	100
120	 0.625	 0.625	100	220	100
135	 0.625	 0.625	100	220	130
150	 0.625	 0.625	100	220	159
165	 0.625	 0.625	100	220	190
180	 0.625	 0.625	100	220	220
195	 0.625	 0.625	100	189	220
210	 0.625	 0.625	100	160	220
225	 0.625	 0.625	100	130	220
240	 0.625	 0.625	100	100	220
255	 0.625	 0.625	129	100	220
270	 0.625	 0.625	160	100	220
285	 0.625	 0.625	190	100	220
300	 0.625	 0.625	219	100	220
315	 0.625	 0.625	220	100	189
330	 0.625	 0.625	220	100	159
345	 0.625	 0.625	220	100	130
0	 0.625	  0.75	232	152	152
15	 0.625	  0.75	232	172	152
30	 0.625	  0.75	232	192	152
45	 0.625	  0.75	232	212	152
60	 0.625	  0.75	232	232	152
75	 0.625	  0.75	211	232	152
90	 0.625	  0.75	192	232	152
105	 0.625	  0.75	172	232	152
120	 0.625	  0.75	152	232	152
135	 0.625	  0.75	152	232	172
150	 0.625	  0.75	152	232	192
165	 0.625	  0.75	152	232	212
180	 0.625	  0.75	152	232	232
195	 0.625	  0.75	152	211	232
210	 0.625	  0.75	152	192	232
225	 0.625	  0.75	152	172	232
240	 0.625	  0.75	152	152	232
255	 0.625	  0.75	171	152	232
270	 0.625	  0.75	192	152	232
285	 0.625	  0.75	212	152	232
300	 0.625	  0.75	231	152	232
315	 0.625	  0.75	232	152	211
330	 0.625	  0.75	232	152	191
345	 0.625	  0.75	232	152	172
0	 0.625	 0.875	244	204	204
15	 0.625	 0.875	244	214	204
30	 0.625	 0.875	244	224	204
45	 0.625	 0.875	244	234	204
60	 0.625	 0.875	244	244	204
75	 0.625	 0.875	234	244	204
90	 0.625	 0.875	224	244	204
105	 0.625	 0.875	214	244	204
120	 0.625	 0.875	204	244	204
135	 0.625	 0.875	204	244	214
150	 0.625	 0.875	204	244	224
165	 0.625	 0.875	204	244	234
180	 0.625	 0.875	204	244	244
195	 0.625	 0.875	204	234	244
210	 0.625	 0.875	204	224	244
225	 0.625	 0.875	204	214	244
240	 0.625	 0.875	204	204	244
255	 0.625	 0.875	213	204	244
270	 0.625	 0.875	224	204	244
285	 0.625	 0.875	234	204	244
300	 0.625	 0.875	243	204	244
315	 0.625	 0.875	244	204	234
330	 0.625	 0.875	244	204	223
345	 0.625	 0.875	244	204	214
0	 0.625	     1	255	255	255
15	 0.625	     1	255	255	255
30	 0.625	     1	255	255	255
45	 0.625	     1	255	255	255
60	 0.625	     1	255	255	255
75	 0.625	     1	255	255	255
90	 0.625	     1	255	255	255
105	 0.625	     1	255	255	255
120	 0.625	     1	255	255	255
135	 0.625	     1	255	255	255
150	 0.625	     1	255	255	255
165	 0.625	     1	255	255	255
180	 0.625	     1	255	255	255
195	 0.625	     1	255	255	255
210	 0.625	     1	255	255	255
225	 0.625	     1	255	255	255
240	 0.625	     1	255	255	255
255	 0.625	     1	255	255	255
270	 0.625	     1	255	255	255
285	 0.625	     1	255	255	255
300	 0.625	     1	255	255	255
315	 0.625	     1	255	255	255
330	 0.625	     1	255	255	255
345	 0.625	     1	255	255	255
0	  0.75	     0	0	0	0
15	  0.75	     0	0	0	0
30	  0.75	     0	0	0	0
45	  0.75	     0	0	0	0
60	  0.75	     0	0	0	0
75	  0.75	     0	0	0	0
90	  0.75	     0	0	0	0
105	  0.75	     0	0	0	0
120	  0.75	     0	0	0	0
135	  0.75	     0	0	0	0
150	  0.75	     0	0	0	0
165	  0.75	     0	0	0	0
180	  0.75	     0	0	0	0
195	  0.75	     0	0	0	0
210	  0.75	     0	0	0	0
225	  0.75	     0	0	0	0
240	  0.75	     0	0	0	0
255	  0.75	     0	0	0	0
270	  0.75	     0	0	0	0
285	  0.75	     0	0	0	0
300	  0.75	     0	0	0	0
315	  0.75	     0	0	0	0
330	  0.75	     0	0	0	0
345	  0.75	     0	0	0	0
0	  0.75	 0.125	56	8	8
15	  0.75	 0.125	56	20	8
30	  0.75	 0.125	56	32	8
45	  0.75	 0.125	56	44	8
60	  0.75	 0.125	56	56	8
75	  0.75	 0.125	43	56	8
90	  0.75	 0.125	32	56	8
105	  0.75	 0.125	20	56	8
120	  0.75	 0.125	8	56	8
135	  0.75	 0.125	8	56	20
150	  0.75	 0.125	8	56	31
165	  0.75	 0.125	8	56	44
180	  0.75	 0.125	8	56	56
195	  0.75	 0.125	8	43	56
210	  0.75	 0.125	8	32	56
225	  0.75	 0.125	8	20	56
240	  0.75	 0.125	8	8	56
255	  0.75	 0.125	19	8	56
270	  0.75	 0.125	32	8	56
285	  0.75	 0.125	44	8	56
300	  0.75	 0.125	55	8	56
315	  0.75	 0.125	56	8	43
330	  0.75	 0.125	56	8	31
345	  0.75	 0.125	56	8	20
0	  0.75	  0.25	112	16	16
15	  0.75	  0.25	112	40	16
30	  0.75	  0.25	112	64	16
45	  0.75	  0.25	112	88	16
60	  0.75	  0.25	112	112	16
75	  0.75	  0.25	87	112	16
90	  0.75	  0.25	64	112	16
105	  0.75	  0.25	40	112	16
120	  0.75	  0.25	16	112	16
135	  0.75	  0.25	16	112	40
150	  0.75	  0.25	16	112	63
165	  0.75	  0.25	16	112	88
180	  0.75	  0.25	16	112	112
195	  0.75	  0.25	16	87	112
210	  0.75	  0.25	16	64	112
225	  0.75	  0.25	16	40	112
240	  0.75	  0.25	16	16	112
255	  0.75	  0.25	39	16	112
270	  0.75	  0.25	64	16	112
285	  0.75	  0.25	88	16	112
300	  0.75	  0.25	111	16	112
315	  0.75	  0.25	112	16	87
330	  0.75	  0.25	112	16	63
345	  0.75	  0.25	112	16	40
0	  0.75	 0.375	168	24	24
15	  0.75	 0.375	168	60	24
30	  0.75	 0.375	168	96	24
45	  0.75	 0.375	168	132	24
60	  0.75	 0.375	168	168	24
75	  0.75	 0.375	131	168	24
90	  0.75	 0.375	96	168	24
105	  0.75	 0.375	60	168	24
120	  0.75	 0.375	24	168	24
135	  0.75	 0.375	24	168	60
150	  0.75	 0.375	24	168	95
165	  0.75	 0.375	24	168	132
180	  0.75	 0.375	24	168	168
195	  0.75	 0.375	24	131	168
210	  0.75	 0.375	24	96	168
225	  0.75	 0.375	24	60	168
240	  0.75	 0.375	24	24	168
255	  0.75	 0.375	59	24	168
270	  0.75	 0.375	96	24	168
285	  0.75	 0.375	132	24	168
300	  0.75	 0.375	167	24	168
315	  0.75	 0.375	168	24	131
330	  0.75	 0.375	168	24	95
345	  0.75	 0.375	168	24	60
0	  0.75	   0.5	224	32	32
15	  0.75	   0.5	224	80	32
30	  0.75	   0.5	224	128	32
45	  0.75	   0.5	224	176	32
60	  0.75	   0.5	224	224	32
75	  0.75	   0.5	175	224	32
90	  0.75	   0.5	128	224	32
105	  0.75	   0.5	80	224	32
120	  0.75	   0.5	32	224	32
135	  0.75	   0.5	32	224	80
150	  0.75	   0.5	32	224	127
165	  0.75	   0.5	32	224	176
180	  0.75	   0.5	32	224	224
195	  0.75	   0.5	32	175	224
210	  0.75	   0.5	32	128	224
225	  0.75	   0.5	32	80	224
240	  0.75	   0.5	32	32	224
255	  0.75	   0.5	79	32	224
270	  0.75	   0.5	128	32	224
285	  0.75	   0.5	176	32	224
300	  0.75	   0.5	223	32	224
315	  0.75	   0.5	224	32	175
330	  0.75	   0.5	224	32	127
345	  0.75	   0.5	224	32	80
0	  0.75	 0.625	232	88	88
15	  0.75	 0.625	232	124	88
30	  0.75	 0.625	232	160	88
45	  0.75	 0.625	232	196	88
60	  0.75	 0.625	232	232	88
75	  0.75	 0.625	195	232	88
90	  0.75	 0.625	160	232	88
105	  0.75	 0.625	124	232	88
120	  0.75	 0.625	88	232	88
135	  0.75	 0.625	88	232	124
150	  0.75	 0.625	88	232	159
165	  0.75	 0.625	88	232	196
180	  0.75	 0.625	88	232	232
195	  0.75	 0.625	88	195	232
210	  0.75	 0.625	88	160	232
225	  0.75	 0.625	88	124	232
240	  0.75	 0.625	88	88	232
255	  0.75	 0.625	123	88	232
270	  0.75	 0.625	160	88	232
285	  0.75	 0.625	196	88	232
300	  0.75	 0.625	231	88	232
315	  0.75	 0.625	232	88	195
330	  0.75	 0.625	232	88	159
345	  0.75	 0.625	232	88	124
0	  0.75	  0.75	240	144	144
15	  0.75	  0.75	240	168	144
30	  0.75	  0.75	240	192	144
45	  0.75	  0.75	240	216	144
60	  0.75	  0.75	240	240	144
75	  0.75	  0.75	215	240	144
90	  0.75	  0.75	192	240	144
105	  0.75	  0.75	168	240	144
120	  0.75	  0.75	144	240	144
135	  0.75	  0.75	144	240	168
150	  0.75	  0.75	144	240	192
165	  0.75	  0.75	144	240	216
180	  0.75	  0.75	144	240	240
195	  0.75	  0.75	144	215	240
210	  0.75	  0.75	144	192	240
225	  0.75	  0.75	144	168	240
240	  0.75	  0.75	144	144	240
255	  0.75	  0.75	167	144	240
270	  0.75	  0.75	192	144	240
285	  0.75	  0.75	216	144	240
300	  0.75	  0.75	239	144	240
315	  0.75	  0.75	240	144	215
330	  0.75	  0.75	240	144	191
345	  0.75	  0.75	240	144	168
0	  0.75	 0.875	248	200	200
15	  0.75	 0.875	248	212	200
30	  0.75	 0.875	248	224	200
45	  0.75	 0.875	248	236	200
60	  0.75	 0.875	248	248	200
75	  0.75	 0.875	236	248	200
90	  0.75	 0.875	224	248	200
105	  0.75	 0.875	212	248	200
120	  0.75	 0.875	200	248	200
135	  0.75	 0.875	200	248	212
150	  0.75	 0.875	200	248	224
165	  0.75	 0.875	200	248	236
180	  0.75	 0.875	200	248	248
195	  0.75	 0.875	200	236	248
210	  0.75	 0.875	200	224	248
225	  0.75	 0.875	200	212	248
240	  0.75	 0.875	200	200	248
255	  0.75	 0.875	211	200	248
270	  0.75	 0.875	224	200	248
285	  0.75	 0.875	236	200	248
300	  0.75	 0.875	247	200	248
315	  0.75	 0.875	248	200	236
330	  0.75	 0.875	248	200	223
345	  0.75	 0.875	248	200	212
0	  0.75	     1	255	255	255
15	  0.75	     1	255	255	255
30	  0.75	     1	255	255	255
45	  0.75	     1	255	255	255
60	  0.75	     1	255	255	255
75	  0.75	     1	255	255	255
90	  0.75	     1	255	255	255
105	  0.75	     1	255	255	255
120	  0.75	     1	255	255	255
135	  0.75	     1	255	255	255
150	  0.75	     1	255	255	255
165	  0.75	     1	255	255	255
180	  0.75	     1	255	255	255
195	  0.75	     1	255	255	255
210	  0.75	     1	255	255	255
225	  0.75	     1	255	255	255
240	  0.75	     1	255	255	255
255	  0.75	     1	255	255	255
270	  0.75	     1	255	255	255
285	  0.75	     1	255	255	255
300	  0.75	     1	255	255	255
315	  0.75	     1	255	255	255
330	  0.75	     1	255	255	255
345	  0.75	     1	255	255	255
0	 0.875	     0	0	0	0
15	 0.875	     0	0	0	0
30	 0.875	     0	0	0	0
45	 0.875	     0	0	0	0
60	 0.875	     0	0	0	0
75	 0.875	     0	0	0	0
90	 0.875	     0	0	0	0
105	 0.875	     0	0	0	0
120	 0.875	     0	0	0	0
135	 0.875	     0	0	0	0
150	 0.875	     0	0	0	0
165	 0.875	     0	0	0	0
180	 0.875	     0	0	0	0
195	 0.875	     0	0	0	0
210	 0.875	     0	0	0	0
225	 0.875	     0	0	0	0
240	 0.875	     0	0	0	0
255	 0.875	     0	0	0	0
270	 0.875	     0	0	0	0
285	 0.875	     0	0	0	0
300	 0.875	     0	0	0	0
315	 0.875	     0	0	0	0
330	 0.875	     0	0	0	0
345	 0.875	     0	0	0	0
0	 0.875	 0.125	60	4	4
15	 0.875	 0.125	60	18	4
30	 0.875	 0.125	60	32	4
45	 0.875	 0.125	60	46	4
60	 0.875	 0.125	60	60	4
75	 0.875	 0.125	45	60	4
90	 0.875	 0.125	32	60	4
105	 0.875	 0.125	18	60	4
120	 0.875	 0.125	4	60	4
135	 0.875	 0.125	4	60	18
150	 0.875	 0.125	4	60	31
165	 0.875	 0.125	4	60	46
180	 0.875	 0.125	4	60	60
195	 0.875	 0.125	4	45	60
210	 0.875	 0.125	4	32	60
225	 0.875	 0.125	4	18	60
240	 0.875	 0.125	4	4	60
255	 0.875	 0.125	17	4	60
270	 0.875	 0.125	32	4	60
285	 0.875	 0.125	46	4	60
300	 0.875	 0.125	59	4	60
315	 0.875	 0.125	60	4	45
330	 0.875	 0.125	60	4	31
345	 0.875	 0.125	60	4	18
0	 0.875	  0.25	120	8	8
15	 0.875	  0.25	120	36	8
30	 0.875	  0.25	120	64	8
45	 0.875	  0.25	120	92	8
60	 0.875	  0.25	120	120	8
75	 0.875	  0.25	91	120	8
90	 0.875	  0.25	64	120	8
105	 0.875	  0.25	36	120	8
120	 0.875	  0.25	8	120	8
135	 0.875	  0.25	8	120	36
150	 0.875	  0.25	8	120	63
165	 0.875	  0.25	8	120	92
180	 0.875	  0.25	8	120	120
195	 0.875	  0.25	8	91	120
210	 0.875	  0.25	8	64	120
225	 0.875	  0.25	8	36	120
240	 0.875	  0.25	8	8	120
255	 0.875	  0.25	35	8	120
270	 0.875	  0.25	64	8	120
285	 0.875	  0.25	92	8	120
300	 0.875	  0.25	119	8	120
315	 0.875	  0.25	120	8	91
330	 0.875	  0.25	120	8	63
345	 0.875	  0.25	120	8	36
0	 0.875	 0.375	180	12	12
15	 0.875	 0.375	180	54	12
30	 0.875	 0.375	180	96	12
45	 0.875	 0.375	180	138	12
60	 0.875	 0.375	180	180	12
75	 0.875	 0.375	137	180	12
90	 0.875	 0.375	96	180	12
105	 0.875	 0.375	54	180	12
120	 0.875	 0.375	12	180	12
135	 0.875	 0.375	12	180	54
150	 0.875	 0.375	12	180	95
165	 0.875	 0.375	12	180	138
180	 0.875	 0.375	12	180	180
195	 0.875	 0.375	12	137	180
210	 0.875	 0.375	12	96	180
225	 0.875	 0.375	12	54	180
240	 0.875	 0.375	12	12	180
255	 0.875	 0.375	53	12	180
270	 0.875	 0.375	96	12	180
285	 0.875	 0.375	138	12	180
300	 0.875	 0.375	179	12	180
315	 0.875	 0.375	180	12	137
330	 0.875	 0.375	180	12	95
345	 0.875	 0.375	180	12	54
0	 0.875	   0.5	240	16	16
15	 0.875	   0.5	240	72	16
30	 0.875	   0.5	240	128	16
45	 0.875	   0.5	240	184	16
60	 0.875	   0.5	240	240	16
75	 0.875	   0.5	183	240	16
90	 0.875	   0.5	128	240	16
105	 0.875	   0.5	72	240	16
120	 0.875	   0.5	16	240	16
135	 0.875	   0.5	16	240	72
150	 0.875	   0.5	16	240	127
165	 0.875	   0.5	16	240	184
180	 0.875	   0.5	16	240	240
195	 0.875	   0.5	16	183	240
210	 0.875	   0.5	16	128	240
225	 0.875	   0.5	16	72	240
240	 0.875	   0.5	16	16	240
255	 0.875	   0.5	71	16	240
270	 0.875	   0.5	128	16	240
285	 0.875	   0.5	184	16	240
300	 0.875	   0.5	239	16	240
315	 0.875	   0.5	240	16	183
330	 0.875	   0.5	240	16	127
345	 0.875	   0.5	240	16	72
0	 0.875	 0.625	244	76	76
15	 0.875	 0.625	244	118	76
30	 0.875	 0.625	244	160	76
45	 0.875	 0.625	244	202	76
60	 0.875	 0.625	244	244	76
75	 0.875	 0.625	201	244	76
90	 0.875	 0.625	160	244	76
105	 0.875	 0.625	118	244	76
120	 0.875	 0.625	76	244	76
135	 0.875	 0.625	76	244	118
150	 0.875	 0.625	76	244	159
165	 0.875	 0.625	76	244	202
180	 0.875	 0.625	76	244	244
195	 0.875	 0.625	76	201	244
210	 0.875	 0.625	76	160	244
225	 0.875	 0.625	76	118	244
240	 0.875	 0.625	76	76	244
255	 0.875	 0.625	117	76	244
270	 0.875	 0.625	160	76	244
285	 0.875	 0.625	202	76	244
300	 0.875	 0.625	243	76	244
315	 0.875	 0.625	244	76	201
330	 0.875	 0.625	244	76	159
345	 0.875	 0.625	244	76	118
0	 0.875	  0.75	248	136	136
15	 0.875	  0.75	248	164	136
30	 0.875	  0.75	248	192	136
45	 0.875	  0.75	248	220	136
60	 0.875	  0.75	248	248	136
75	 0.875	  0.75	219	248	136
90	 0.875	  0.75	192	248	136
105	 0.875	  0.75	164	248	136
120	 0.875	  0.75	136	248	136
135	 0.875	  0.75	136	248	164
150	 0.875	  0.75	136	248	192
165	 0.875	  0.75	136	248	220
180	 0.875	  0.75	136	248	248
195	 0.875	  0.75	136	219	248
210	 0.875	  0.75	136	192	248
225	 0.875	  0.75	136	164	248
240	 0.875	  0.75	136	136	248
255	 0.875	  0.75	163	136	248
270	 0.875	  0.75	192	136	248
285	 0.875	  0.75	220	136	248
300	 0.875	  0.75	247	136	248
315	 0.875	  0.75	248	136	219
330	 0.875	  0.75	248	136	191
345	 0.875	  0.75	248	136	164
0	 0.875	 0.875	252	196	196
15	 0.875	 0.875	252	210	196
30	 0.875	 0.875	252	224	196
45	 0.875	 0.875	252	238	196
60	 0.875	 0.875	252	252	196
75	 0.875	 0.875	238	252	196
90	 0.875	 0.875	224	252	196
105	 0.875	 0.875	210	252	196
120	 0.875	 0.875	196	252	196
135	 0.875	 0.875	196	252	210
150	 0.875	 0.875	196	252	224
165	 0.875	 0.875	196	252	238
180	 0.875	 0.875	196	252	252
195	 0.875	 0.875	196	238	252
210	 0.875	 0.875	196	224	252
225	 0.875	 0.875	196	210	252
240	 0.875	 0.875	196	196	252
255	 0.875	 0.875	209	196	252
270	 0.875	 0.875	224	196	252
285	 0.875	 0.875	238	196	252
300	 0.875	 0.875	251	196	252
315	 0.875	 0.875	252	196	238
330	 0.875	 0.875	252	196	223
345	 0.875	 0.875	252	196	210
0	 0.875	     1	255	255	255
15	 0.875	     1	255	255	255
30	 0.875	     1	255	255	255
45	 0.875	     1	255	255	255
60	 0.875	     1	255	255	255
75	 0.875	     1	255	255	255
90	 0.875	     1	255	255	255
105	 0.875	     1	255	255	255
120	 0.875	     1	255	255	255
135	 0.875	     1	255	255	255
150	 0.875	     1	255	255	255
165	 0.875	     1	255	255	255
180	 0.875	     1	255	255	255
195	 0.875	     1	255	255	255
210	 0.875	     1	255	255	255
225	 0.875	     1	255	255	255
240	 0.875	     1	255	255	255
255	 0.875	     1	255	255	255
270	 0.875	     1	255	255	255
285	 0.875	     1	255	255	255
300	 0.875	     1	255	255	255
315	 0.875	     1	255	255	255
330	 0.875	     1	255	255	255
345	 0.875	     1	255	255	255
0	     1	     0	0	0	0
15	     1	     0	0	0	0
30	     1	     0	0	0	0
45	     1	     0	0	0	0
60	     1	     0	0	0	0
75	     1	     0	0	0	0
90	     1	     0	0	0	0
105	     1	     0	0	0	0
120	     1	     0	0	0	0
135	     1	     0	0	0	0
150	     1	     0	0	0	0
165	     1	     0	0	0	0
180	     1	     0	0	0	0
195	     1	     0	0	0	0
210	     1	     0	0	0	0
225	     1	     0	0	0	0
240	     1	     0	0	0	0
255	     1	     0	0	0	0
270	     1	     0	0	0	0
285	     1	     0	0	0	0
300	     1	     0	0	0	0
315	     1	     0	0	0	0
330	     1	     0	0	0	0
345	     1	     0	0	0	0
0	     1	 0.125	64	0	0
15	     1	 0.125	64	16	0
30	     1	 0.125	64	32	0
45	     1	 0.125	64	48	0
60	     1	 0.125	64	64	0
75	     1	 0.125	47	64	0
90	     1	 0.125	32	64	0
105	     1	 0.125	16	64	0
120	     1	 0.125	0	64	0
135	     1	 0.125	0	64	16
150	     1	 0.125	0	64	31
165	     1	 0.125	0	64	48
180	     1	 0.125	0	64	64
195	     1	 0.125	0	47	64
210	     1	 0.125	0	32	64
225	     1	 0.125	0	16	64
240	     1	 0.125	0	0	64
255	     1	 0.125	15	0	64
270	     1	 0.125	32	0	64
285	     1	 0.125	48	0	64
300	     1	 0.125	63	0	64
315	     1	 0.125	64	0	47
330	     1	 0.125	64	0	31
345	     1	 0.125	64	0	16
0	     1	  0.25	128	0	0
15	     1	  0.25	128	32	0
30	     1	  0.25	128	64	0
45	     1	  0.25	128	96	0
60	     1	  0.25	128	128	0
75	     1	  0.25	95	128	0
90	     1	  0.25	64	128	0
105	     1	  0.25	32	128	0
120	     1	  0.25	0	128	0
135	     1	  0.25	0	128	32
150	     1	  0.25	0	128	63
165	     1	  0.25	0	128	96
180	     1	  0.25	0	128	128
195	     1	  0.25	0	95	128
210	     1	  0.25	0	64	128
225	     1	  0.25	0	32	128
240	     1	  0.25	0	0	128
255	     1	  0.25	31	0	128
270	     1	  0.25	64	0	128
285	     1	  0.25	96	0	128
300	     1	  0.25	127	0	128
315	     1	  0.25	128	0	95
330	     1	  0.25	128	0	63
345	     1	  0.25	128	0	32
0	     1	 0.375	192	0	0
15	     1	 0.375	192	48	0
30	     1	 0.375	192	96	0
45	     1	 0.375	192	144	0
60	     1	 0.375	192	192	0
75	     1	 0.375	143	192	0
90	     1	 0.375	96	192	0
105	     1	 0.375	48	192	0
120	     1	 0.375	0	192	0
135	     1	 0.375	0	192	48
150	     1	 0.375	0	192	95
165	     1	 0.375	0	192	144
180	     1	 0.375	0	192	192
195	     1	 0.375	0	143	192
210	     1	 0.375	0	96	192
225	     1	 0.375	0	48	192
240	     1	 0.375	0	0	192
255	     1	 0.375	47	0	192
270	     1	 0.375	96	0	192
285	     1	 0.375	144	0	192
300	     1	 0.375	191	0	192
315	     1	 0.375	192	0	143
330	     1	 0.375	192	0	95
345	     1	 0.375	192	0	48
0	     1	   0.5	255	0	0
15	     1	   0.5	255	64	0
30	     1	   0.5	255	128	0
45	     1	   0.5	255	192	0
60	     1	   0.5	255	255	0
75	     1	   0.5	191	255	0
90	     1	   0.5	128	255	0
105	     1	   0.5	64	255	0
120	     1	   0.5	0	255	0
135	     1	   0.5	0	255	64
150	     1	   0.5	0	255	127
165	     1	   0.5	0	255	192
180	     1	   0.5	0	255	255
195	     1	   0.5	0	191	255
210	     1	   0.5	0	128	255
225	     1	   0.5	0	64	255
240	     1	   0.5	0	0	255
255	     1	   0.5	63	0	255
270	     1	   0.5	128	0	255
285	     1	   0.5	192	0	255
300	     1	   0.5	255	0	255
315	     1	   0.5	255	0	191
330	     1	   0.5	255	0	127
345	     1	   0.5	255	0	64
0	     1	 0.625	255	64	64
15	     1	 0.625	255	112	64
30	     1	 0.625	255	160	64
45	     1	 0.625	255	208	64
60	     1	 0.625	255	255	64
75	     1	 0.625	207	255	64
90	     1	 0.625	160	255	64
105	     1	 0.625	112	255	64
120	     1	 0.625	64	255	64
135	     1	 0.625	64	255	112
150	     1	 0.625	64	255	159
165	     1	 0.625	64	255	208
180	     1	 0.625	64	255	255
195	     1	 0.625	64	207	255
210	     1	 0.625	64	160	255
225	     1	 0.625	64	112	255
240	     1	 0.625	64	64	255
255	     1	 0.625	111	64	255
270	     1	 0.625	160	64	255
285	     1	 0.625	208	64	255
300	     1	 0.625	255	64	255
315	     1	 0.625	255	64	207
330	     1	 0.625	255	64	159
345	     1	 0.625	255	64	112
0	     1	  0.75	255	128	128
15	     1	  0.75	255	160	128
30	     1	  0.75	255	192	128
45	     1	  0.75	255	224	128
60	     1	  0.75	255	255	128
75	     1	  0.75	223	255	128
90	     1	  0.75	192	255	128
105	     1	  0.75	160	255	128
120	     1	  0.75	128	255	128
135	     1	  0.75	128	255	160
150	     1	  0.75	128	255	191
165	     1	  0.75	128	255	224
180	     1	  0.75	128	255	255
195	     1	  0.75	128	223	255
210	     1	  0.75	128	192	255
225	     1	  0.75	128	160	255
240	     1	  0.75	128	128	255
255	     1	  0.75	159	128	255
270	     1	  0.75	192	128	255
285	     1	  0.75	224	128	255
300	     1	  0.75	255	128	255
315	     1	  0.75	255	128	223
330	     1	  0.75	255	128	191
345	     1	  0.75	255	128	160
0	     1	 0.875	255	192	192
15	     1	 0.875	255	208	192
30	     1	 0.875	255	224	192
45	     1	 0.875	255	240	192
60	     1	 0.875	255	255	192
75	     1	 0.875	240	255	192
90	     1	 0.875	224	255	192
105	     1	 0.875	208	255	192
120	     1	 0.875	192	255	192
135	     1	 0.875	192	255	208
150	     1	 0.875	192	255	224
165	     1	 0.875	192	255	240
180	     1	 0.875	192	255	255
195	     1	 0.875	192	240	255
210	     1	 0.875	192	224	255
225	     1	 0.875	192	208	255
240	     1	 0.875	192	192	255
255	     1	 0.875	207	192	255
270	     1	 0.875	224	192	255
285	     1	 0.875	240	192	255
300	     1	 0.875	255	192	255
315	     1	 0.875	255	192	240
330	     1	 0.875	255	192	223
345	     1	 0.875	255	192	208
0	     1	     1	255	255	255
15	     1	     1	255	255	255
30	     1	     1	255	255	255
45	     1	     1	255	255	255
60	     1	     1	255	255	255
75	     1	     1	255	255	255
90	     1	     1	255	255	255
105	     1	     1	255	255	255
120	     1	     1	255	255	255
135	     1	     1	255	255	255
150	     1	     1	255	255	255
165	     1	     1	255	255	255
180	     1	     1	255	255	255
195	     1	     1	255	255	255
210	     1	     1	255	255	255
225	     1	     1	255	255	255
240	     1	     1	255	255	255
255	     1	     1	255	255	255
270	     1	     1	255	255	255
285	     1	     1	255	255	255
300	     1	     1	255	255	255
315	     1	     1	255	255	255
330	     1	     1	255	255	255
345	     1	     1	255	255	255
